100
78 79 1
-68 -67 1
78 79 -1
-68 -67 -1
-99 -96 1
-99 -96 -1
1 4 1
44 45 1
1 4 -1
44 45 -1
-9 -7 1
35 36 1
-20 -19 1
35 36 -1
-9 -7 -1
-20 -19 -1
-72 -71 1
-72 -71 -1
66 69 1
66 69 -1
30 33 1
35 36 1
35 36 -1
-28 -25 1
30 33 -1
-28 -25 -1
20 22 1
20 22 -1
-78 -75 1
1 3 1
12 14 1
-78 -75 -1
12 14 -1
1 3 -1
-65 -62 1
-15 -12 1
-15 -12 -1
-65 -62 -1
-92 -91 1
81 83 1
81 83 -1
-92 -91 -1
49 52 1
49 52 -1
9 12 1
9 12 -1
69 70 1
72 73 1
69 70 -1
72 73 -1
93 96 1
-25 -24 1
-25 -24 -1
93 96 -1
29 31 1
-62 -61 1
-65 -62 1
-62 -61 -1
-95 -92 1
29 31 -1
-65 -62 -1
-95 -92 -1
-45 -42 1
37 38 1
-45 -42 -1
37 38 -1
71 72 1
71 72 -1
-62 -60 1
-62 -60 -1
17 18 1
17 18 -1
59 61 1
59 61 -1
98 100 1
98 100 -1
65 67 1
65 67 -1
-15 -13 1
-15 -12 1
-25 -23 1
-15 -13 -1
-25 -23 -1
-15 -12 -1
2 3 1
2 3 -1
-66 -65 1
-66 -65 -1
-39 -37 1
-39 -37 -1
76 79 1
91 93 1
76 79 -1
63 66 1
91 93 -1
63 66 -1
61 64 1
61 64 -1
-27 -24 1
-27 -24 -1
