100
-51 -50 1
-51 -50 -1
-65 -64 1
-65 -64 -1
-89 -87 1
-43 -41 1
-89 -87 -1
-43 -41 -1
30 32 1
30 32 -1
86 87 1
86 87 -1
-39 -37 1
-50 -49 1
-39 -37 -1
-50 -49 -1
-83 -81 1
-78 -77 1
35 37 1
-83 -81 -1
35 37 -1
26 28 1
-78 -77 -1
26 28 -1
-98 -97 1
-98 -97 -1
-70 -69 1
-70 -69 -1
-7 -5 1
-7 -5 -1
-44 -42 1
25 26 1
25 26 -1
-44 -42 -1
70 72 1
70 72 -1
46 47 1
39 40 1
46 47 -1
39 40 -1
-73 -71 1
1 3 1
-26 -24 1
-16 -15 1
-73 -71 -1
1 3 -1
-26 -24 -1
-16 -15 -1
-27 -26 1
-27 -26 -1
99 100 1
99 100 -1
-40 -39 1
-40 -39 -1
-53 -51 1
-53 -51 -1
36 37 1
-13 -11 1
97 98 1
-13 -11 -1
36 37 -1
-6 -4 1
97 98 -1
-6 -4 -1
-16 -15 1
-16 -15 -1
88 90 1
-3 -2 1
88 90 -1
-3 -2 -1
65 66 1
65 66 -1
-54 -53 1
-54 -53 -1
-94 -92 1
-94 -92 -1
90 91 1
90 91 -1
-1 1 1
-1 1 -1
10 12 1
10 12 -1
-48 -47 1
-48 -47 -1
-33 -32 1
-33 -32 -1
-83 -82 1
-83 -82 -1
-90 -88 1
-90 -88 -1
-92 -90 1
-92 -90 -1
88 90 1
88 90 -1
-38 -36 1
-38 -36 -1
-62 -60 1
-62 -60 -1
-5 -3 1
-5 -3 -1
