100
10 14 1
23 24 1
10 14 -1
6 11 1
6 11 -1
23 24 -1
18 23 1
18 23 -1
-95 -91 1
-95 -91 -1
78 79 1
78 79 -1
55 58 1
55 58 -1
-12 -9 1
-12 -9 -1
51 57 1
88 92 1
28 30 1
28 30 -1
51 57 -1
88 92 -1
39 43 1
5 11 1
67 73 1
39 43 -1
5 11 -1
-16 -11 1
-35 -30 1
-35 -30 -1
67 73 -1
66 67 1
-16 -11 -1
84 88 1
66 67 -1
84 88 -1
99 100 1
99 100 1
-88 -82 1
99 100 -1
-88 -82 -1
99 100 -1
2 5 1
-61 -56 1
5 8 1
2 5 -1
5 8 -1
-61 -56 -1
96 99 1
96 99 -1
94 97 1
21 23 1
-54 -53 1
-57 -55 1
94 97 -1
-57 -55 -1
21 23 -1
-15 -14 1
-42 -36 1
-54 -53 -1
-42 -36 -1
-92 -88 1
-92 -88 -1
-15 -14 -1
35 39 1
35 39 -1
28 30 1
28 30 -1
45 51 1
53 56 1
45 51 -1
53 56 -1
-87 -86 1
-87 -86 -1
-59 -53 1
-59 -53 -1
-63 -59 1
-63 -59 -1
76 81 1
-73 -70 1
23 29 1
76 81 -1
-73 -70 -1
-2 1 1
23 29 -1
-68 -64 1
77 82 1
-2 1 -1
-68 -64 -1
99 100 1
77 82 -1
31 34 1
-72 -69 1
99 100 -1
-72 -69 -1
31 34 -1
-82 -78 1
-82 -78 -1
-84 -81 1
-84 -81 -1
