100
-43 -40 1
-1 10 1
-1 10 -1
-43 -40 -1
21 26 1
21 26 -1
47 51 1
28 37 1
-93 -92 1
-15 -8 1
47 51 -1
-15 -8 -1
28 37 -1
35 39 1
97 98 1
-34 -26 1
-93 -92 -1
35 39 -1
-34 -26 -1
-80 -70 1
-38 -31 1
-79 -69 1
97 98 -1
-80 -70 -1
-95 -86 1
-95 -86 -1
85 87 1
-79 -69 -1
85 87 -1
-38 -31 -1
36 45 1
60 61 1
36 45 -1
60 61 -1
-63 -62 1
58 60 1
45 52 1
-99 -94 1
-63 -62 -1
45 52 -1
58 60 -1
-99 -94 -1
36 45 1
67 77 1
36 45 -1
26 37 1
80 83 1
67 77 -1
80 83 -1
26 37 -1
-41 -36 1
-6 -2 1
23 31 1
-41 -36 -1
-32 -24 1
-6 -2 -1
74 83 1
23 31 -1
-32 -24 -1
57 65 1
57 65 -1
-76 -68 1
40 51 1
74 83 -1
-76 -68 -1
40 51 -1
-76 -75 1
19 23 1
-76 -75 -1
19 23 -1
95 98 1
95 98 -1
-95 -86 1
38 42 1
6 17 1
-65 -54 1
-95 -86 -1
-65 -54 -1
38 42 -1
6 17 -1
-81 -74 1
-81 -74 -1
-9 -7 1
37 48 1
-18 -15 1
-18 -15 -1
37 48 -1
-3 -2 1
-98 -90 1
-3 -2 -1
-9 -7 -1
-98 -90 -1
21 22 1
-71 -70 1
21 22 -1
-18 -9 1
-64 -57 1
-71 -70 -1
-64 -57 -1
-18 -9 -1
