100
-13 75 1
-39 43 1
-25 -5 1
-2 85 1
90 98 1
-85 -18 1
-5 2 1
-2 85 -1
-39 43 -1
-47 -43 1
34 71 1
24 32 1
89 92 1
-25 -5 -1
21 72 1
-47 -43 -1
-90 -37 1
65 87 1
35 66 1
97 100 1
-90 -72 1
-93 1 1
-94 -8 1
-47 29 1
68 71 1
90 98 -1
-68 -4 1
-14 50 1
97 100 -1
-5 2 -1
48 51 1
65 73 1
-90 -37 -1
48 51 -1
-93 1 -1
-13 75 -1
-54 -14 1
93 97 1
15 56 1
-67 27 1
65 73 -1
-17 38 1
21 72 -1
89 91 1
68 71 -1
33 79 1
-73 18 1
65 87 -1
89 91 -1
89 92 -1
-85 -18 -1
-91 -32 1
24 32 -1
22 86 1
38 97 1
-90 -72 -1
-73 18 -1
35 66 -1
50 60 1
-91 -32 -1
34 71 -1
12 34 1
-83 -69 1
-54 -14 -1
93 97 -1
-28 31 1
-83 -69 -1
12 34 -1
-28 31 -1
-14 50 -1
-94 -8 -1
-47 29 -1
-67 27 -1
53 92 1
-17 38 -1
15 56 -1
-68 -4 -1
33 79 -1
38 97 -1
50 60 -1
-37 26 1
-98 -75 1
84 85 1
68 81 1
49 54 1
53 92 -1
-98 -75 -1
22 86 -1
86 88 1
69 76 1
49 54 -1
84 85 -1
-57 28 1
-37 26 -1
69 76 -1
-60 -23 1
-57 28 -1
-60 -23 -1
86 88 -1
68 81 -1
